Vertex inversion

Bracketing minimum ...
depth DRV RMS
361.422 0.2355701558 0.00433166273 0.7848458591 
362.105 0.2310957674 0.004233608042 0.7710955961 
363.211 0.2237807961 0.004074558985 0.7485252324 
365.001 0.2117400565 0.003816184899 0.7111256224 
367.897 0.1916854779 0.003395447124 0.6481380391 
372.583 0.1575648403 0.002707707798 0.5389241423 
380.164 0.09705705944 0.001576877956 0.3387309438 
392.431 0.0206649016 0.0002990757717 0.0748725599 
421.542 0.6217848886 0.004966978947 2.562801026 
Bracketing elapsed time: 2.474s

Fitting ...
Fitting characteristic: 1
Brent method
z drv rms drvPt
392.431 0.0206649016 0.0002990757717 0.0748725599 
403.55 0.163742943 0.00204723891 0.6177700663 
387.746 0.02791645732 0.0004241205932 0.09963256061 
390.937 0.004591712599 6.753691643e-005 0.01655489703 
390.289 0.002198150309 3.255191974e-005 0.007908559117 
390.052 0.004655860604 6.911718679e-005 0.01673819533 
390.497 3.20875891e-005 4.741535668e-007 0.0001155224924 
390.556 0.0005809290414 8.578961861e-006 0.002091880253 
390.463 0.0003842599301 5.680076792e-006 0.001383277238 
390.504 4.61869728e-005 6.824345655e-007 0.0001662879561 
390.498 2.582778086e-005 3.816394928e-007 9.298669853e-005 
390.5 1.549994449e-006 2.291859346e-008 5.57907913e-006 
390.502 1.860004219e-005 2.748314728e-007 6.696552804e-005 
390.5 1.699254935e-006 2.510389095e-008 6.117218747e-006 
390.5 3.711853788e-007 5.490983312e-009 1.335008931e-006 
390.5 2.82203473e-008 4.198409442e-010 1.000279464e-007 
390.5 6.656857113e-007 9.847990441e-009 2.394441162e-006 
390.5 1.508073365e-007 2.231008693e-009 5.422984507e-007 
390.5 9.379318726e-008 1.388834789e-009 3.369915065e-007 
Fitting elapsed time: 5.237s
