Vertex inversion

Bracketing minimum ...
depth DRV RMS
-269.197 0.003433199917 0.0002501055643 0.01056402155 
-267.153 0.003825325752 0.0002818034361 0.01186066211 
-272.505 0.002801271006 0.0001989701705 0.008473440113 
-302.271 0.003335684519 0.0002527827196 0.01013143841 
Bracketing elapsed time: 4.484s

Fitting ...
Fitting characteristic: 1
Brent method
z drv rms drvPt
-272.505 0.002801271006 0.0001989701705 0.008473440113 
-283.874 0.0006710427136 2.479957895e-005 0.001467681252 
-290.901 0.001251493883 8.202170714e-005 0.003163850564 
-284.573 0.0005622758259 1.549050164e-005 0.001102415716 
-286.291 0.0005057960127 1.214603789e-005 0.0007280365454 
-288.052 0.0007475326101 3.887919922e-005 0.00148690878 
-285.756 0.0004651844069 4.014296828e-006 0.0007048395223 
-285.611 0.0004617789488 3.25051881e-006 0.000725400898 
-285.531 0.0004621270694 3.868149556e-006 0.0007412026814 
-285.588 0.0004618629929 3.423012227e-006 0.0007295062266 
-285.666 0.0004623427081 3.240734014e-006 0.0007162670522 
-285.632 0.0004617827189 3.086763434e-006 0.0007217301184 
-285.62 0.0004617797774 3.176225913e-006 0.0007237079659 
-285.61 0.0004617811631 3.255402936e-006 0.0007255137893 
-285.615 0.0004617787784 3.214322746e-006 0.0007245703924 
-285.617 0.0004617791605 3.19977102e-006 0.0007242395565 
-285.613 0.0004617784039 3.228561731e-006 0.0007248958114 
-285.613 0.0004617783462 3.230753364e-006 0.0007249460478 
-285.612 0.0004617781473 3.238303084e-006 0.0007251194049 
-285.612 0.0004617780243 3.242969073e-006 0.0007252267805 
-285.611 0.0004617779483 3.245852815e-006 0.000725293232 
-285.611 0.0004617779013 3.247635066e-006 0.0007253343356 
-285.611 0.0004617781408 3.248736558e-006 0.0007253597521 
-285.611 0.0004617779192 3.246954306e-006 0.0007253186323 
-285.611 0.0004617778902 3.248055798e-006 0.0007253440427 
-285.611 0.0004617779501 3.248315826e-006 0.0007253500427 
-285.611 0.0004617778944 3.247895093e-006 0.0007253403347 
-285.611 0.0004617778876 3.24815512e-006 0.0007253463344 
-285.611 0.0004617779073 3.24822144e-006 0.0007253478647 
Fitting elapsed time: 32.578s
