Bracketing minimum ...
-37.887362 0.457828 0.022653 0.025301 
-37.622887 0.491680 0.024363 0.027183 
-38.315291 0.403469 0.019916 0.022282 
-42.166652 0.063993 0.003096 0.003515 
-45.091199 0.394900 0.018843 0.021618 
Duration - bracketing: 6.289s


Fitting ...
Brent method
z drv rms drvPt
-42.166652 0.063993 0.003096 0.003515 
-40.695563 0.110090 0.005366 0.006059 
-43.283729 0.192699 0.009273 0.010571 
-41.707803 0.010264 0.000498 0.000564 
-41.537956 0.009753 0.000473 0.000536 
-41.614588 0.000713 0.000035 0.000039 
-41.621720 0.000128 0.000006 0.000007 
-41.654601 0.004002 0.000194 0.000220 
-41.626367 0.000675 0.000033 0.000037 
-41.620572 0.000008 0.000000 0.000000 
-41.618286 0.000277 0.000013 0.000015 
-41.620339 0.000035 0.000002 0.000002 
-41.620821 0.000022 0.000001 0.000001 
-41.620618 0.000002 0.000000 0.000000 
-41.620663 0.000003 0.000000 0.000000 
-41.620633 0.000001 0.000000 0.000000 
-41.620638 0.000001 0.000000 0.000000 
-41.620639 0.000001 0.000000 0.000000 
-41.620636 0.000000 0.000000 0.000000 
-41.620635 0.000000 0.000000 0.000000 
Duration - fitting: 25.196s
