3256.936, 5999.196
3504.624, 5999.196
3646.16, 5981.504
3893.848, 5981.504
4035.384, 5963.812
4300.764, 5928.428
4601.528, 5963.812
4760.756, 5981.504
4955.368, 5999.196
5609.972, 5999.196
6069.964, 5910.736
6317.652, 5893.044
6600.724, 5946.12
3221.552, 4406.916
3310.012, 4389.224
3363.088, 4389.224
3433.856, 4389.224
3522.316, 4389.224
3663.852, 4389.224
3840.772, 4406.916
3929.232, 4406.916
4406.916, 4406.916
4636.912, 4424.608
4849.216, 4424.608
4973.06, 4406.916
5096.904, 4406.916
5185.364, 4406.916
5326.9, 4406.916
5433.052, 4389.224
5503.82, 4389.224
