Density inversion

Bracketing minimum ...
difDens dens DRV RMS
-70 2600 0.5594353856 2.044374428 
-69 2601 0.5573057049 2.036209314 
-67.382 2602.618034 0.5538598091 2.022997994 
-64.7639 2605.236068 0.5482887059 2.001621931 
-41.2016 2628.798374 0.4982346318 1.809256225 
170.859 2840.85913 0.05212069609 0.1107297597 
2079.41 4749.405935 4.158281634 15.52179118 
Bracketing elapsed time: 0s

Fitting ...
Fitting characteristic: 1
Brent method
difDens dens DRV RMS
170.859 2840.85913 0.05212069609 0.1107297597 
899.859 3569.859119 1.586774291 5.883238709 
449.312 3119.31234 0.6085924155 2.202457682 
277.219 2947.218789 0.2392607931 0.7988474524 
89.8591 2759.859132 0.2211249152 0.7409533058 
181.181 2851.181186 0.03561924581 0.08250625081 
217.864 2887.864285 0.1132941429 0.3202624584 
186.131 2856.130878 0.0460988591 0.09612350191 
179.305 2849.305287 0.03456362166 0.08210005086 
179.008 2849.0078 0.03518198203 0.08229817607 
180.012 2850.01172 0.03314322422 0.08191721635 
180.458 2850.458416 0.03408897888 0.08201136937 
179.939 2849.939344 0.03324566475 0.0819172648 
180.08 2850.079519 0.03328676851 0.08192104447 
180.004 2850.003614 0.03312607758 0.08191700943 
179.988 2849.988414 0.03314367039 0.08191676583 
180 2850.000135 0.0331195639 0.08191693707 
179.996 2849.995658 0.03312862898 0.08191685844 
180 2849.999963 0.03311979759 0.08191693374 
180.001 2850.000817 0.0331201993 0.08191695047 
180 2850.000396 0.03311950892 0.08191694214 
180 2850.000305 0.03311947483 0.08191694037 
180 2850.000296 0.03311947509 0.08191694019 
180 2850.000311 0.03311947514 0.08191694048 
Fitting elapsed time: 0.02s
